,time_range,corporation,contrib_type,primary_osm_tag_keys,edits,edits_share,edits_cumulative_share,contributors,contributors_share
0,t0,Kaart,GEOMETRY,['highway'],433307,0.404,0.404,91,0.285
1,t0,Kaart,CREATED,['highway'],220151,0.205,0.61,90,0.282
2,t0,Kaart,TAG,['highway'],113010,0.105,0.715,91,0.285
3,t0,Kaart,TAG_GEOMETRY,['highway'],60303,0.056,0.772,87,0.273
4,t0,Kaart,DELETED,['highway'],46880,0.044,0.816,85,0.266
5,t0,Microsoft,GEOMETRY,['highway'],26553,0.025,0.84,33,0.103
6,t0,Microsoft,CREATED,['highway'],26239,0.024,0.865,33,0.103
7,t0,Kaart,NONE,['other'],20977,0.02,0.884,85,0.266
8,t0,Kaart,GEOMETRY,['building'],10757,0.01,0.894,76,0.238
9,t0,Apple,NONE,['other'],10303,0.01,0.904,75,0.235
10,t0,Apple,GEOMETRY,['waterway'],6744,0.006,0.91,79,0.248
11,t0,Kaart,NONE,['highway'],6231,0.006,0.916,85,0.266
12,t0,Kaart,CREATED,['other'],5588,0.005,0.921,85,0.266
13,t0,Apple,GEOMETRY,['other'],5421,0.005,0.926,81,0.254
14,t0,Microsoft,GEOMETRY,['building'],5131,0.005,0.931,25,0.078
15,t0,Kaart,DELETED,['other'],4693,0.004,0.936,69,0.216
16,t0,Apple,GEOMETRY,['building'],4569,0.004,0.94,46,0.144
17,t0,Microsoft,TAG,['highway'],3570,0.003,0.943,29,0.091
18,t0,Apple,GEOMETRY,['natural'],2811,0.003,0.946,78,0.245
19,t0,Kaart,GEOMETRY,['landuse'],2798,0.003,0.948,82,0.257
0,t1,Apple,GEOMETRY,['highway'],558171,0.285,0.285,308,0.538
1,t1,Kaart,CREATED,['building'],481308,0.246,0.531,12,0.021
2,t1,Kaart,GEOMETRY,['highway'],147901,0.076,0.607,70,0.122
3,t1,Apple,CREATED,['highway'],128128,0.065,0.672,291,0.508
4,t1,Kaart,TAG,['highway'],83933,0.043,0.715,64,0.112
5,t1,Kaart,CREATED,['highway'],69309,0.035,0.75,66,0.115
6,t1,Apple,TAG,['highway'],55409,0.028,0.779,283,0.494
7,t1,Apple,GEOMETRY,['building'],48164,0.025,0.803,213,0.372
8,t1,Kaart,NONE,['highway'],38960,0.02,0.823,60,0.105
9,t1,Kaart,GEOMETRY,['building'],33668,0.017,0.84,34,0.059
10,t1,Apple,TAG_GEOMETRY,['highway'],32299,0.017,0.857,263,0.459
11,t1,Apple,NONE,['other'],26161,0.013,0.87,224,0.391
12,t1,Apple,NONE,['highway'],20279,0.01,0.881,244,0.426
13,t1,Kaart,TAG_GEOMETRY,['highway'],19480,0.01,0.891,58,0.101
14,t1,Kaart,DELETED,['building'],18865,0.01,0.9,17,0.03
15,t1,Apple,TAG,['barrier'],16688,0.009,0.909,224,0.391
16,t1,Apple,CREATED,['barrier'],16583,0.008,0.917,219,0.382
17,t1,Kaart,TAG,['other'],12303,0.006,0.923,38,0.066
18,t1,Kaart,NONE,['other'],9576,0.005,0.928,38,0.066
19,t1,Apple,CREATED,['other'],8618,0.004,0.933,199,0.347
0,t0,nc,CREATED,['building'],800477,0.428,0.428,5470,0.632
1,t0,nc,GEOMETRY,['highway'],164280,0.088,0.516,3881,0.449
2,t0,nc,DELETED,['building'],131966,0.071,0.586,1574,0.182
3,t0,nc,CREATED,['highway'],114705,0.061,0.647,2509,0.29
4,t0,nc,GEOMETRY,['building'],105630,0.056,0.704,2947,0.341
5,t0,nc,TAG,['building'],61697,0.033,0.737,805,0.093
6,t0,nc,TAG,['highway'],43465,0.023,0.76,943,0.109
7,t0,nc,CREATED,['other'],32303,0.017,0.777,921,0.106
8,t0,nc,CREATED,['natural'],31097,0.017,0.794,858,0.099
9,t0,nc,TAG_GEOMETRY,['highway'],28683,0.015,0.809,720,0.083
10,t0,nc,DELETED,['other'],27763,0.015,0.824,401,0.046
11,t0,nc,DELETED,['highway'],27265,0.015,0.839,677,0.078
12,t0,nc,CREATED,['landuse'],22626,0.012,0.851,1133,0.131
13,t0,nc,NONE,['other'],20487,0.011,0.862,569,0.066
14,t0,nc,TAG,['other'],17226,0.009,0.871,422,0.049
15,t0,nc,CREATED,['waterway'],15707,0.008,0.879,590,0.068
16,t0,nc,GEOMETRY,['waterway'],11893,0.006,0.886,801,0.093
17,t0,nc,CREATED,['amenity'],10180,0.005,0.891,1374,0.159
18,t0,nc,CREATED,['power'],9904,0.005,0.896,70,0.008
19,t0,nc,NONE,['highway'],9782,0.005,0.902,512,0.059
0,t1,nc,CREATED,['building'],271905,0.298,0.298,1858,0.464
1,t1,nc,GEOMETRY,['highway'],113883,0.125,0.423,1488,0.372
2,t1,nc,TAG,['highway'],61909,0.068,0.491,631,0.158
3,t1,nc,CREATED,['highway'],55713,0.061,0.552,955,0.239
4,t1,nc,GEOMETRY,['building'],42179,0.046,0.598,1061,0.265
5,t1,nc,DELETED,['building'],36427,0.04,0.638,661,0.165
6,t1,nc,CREATED,['natural'],33232,0.036,0.675,460,0.115
7,t1,nc,NONE,['highway'],18348,0.02,0.695,412,0.103
8,t1,nc,TAG,['building'],18030,0.02,0.715,514,0.128
9,t1,nc,DELETED,['highway'],16345,0.018,0.733,381,0.095
10,t1,nc,TAG_GEOMETRY,['highway'],15699,0.017,0.75,379,0.095
11,t1,nc,CREATED,['landuse'],11064,0.012,0.762,467,0.117
12,t1,nc,CREATED,['man_made'],10521,0.012,0.773,140,0.035
13,t1,nc,NONE,['other'],9441,0.01,0.784,283,0.071
14,t1,nc,CREATED,['amenity'],8491,0.009,0.793,758,0.189
15,t1,nc,GEOMETRY,['waterway'],6997,0.008,0.801,390,0.097
16,t1,nc,CREATED,['other'],6945,0.008,0.808,461,0.115
17,t1,nc,GEOMETRY,['landuse'],6811,0.007,0.816,598,0.149
18,t1,nc,TAG,['amenity'],6460,0.007,0.823,440,0.11
19,t1,nc,DELETED,['other'],6293,0.007,0.83,239,0.06
